2.619397889357060739e-07
6.617444900424221399e-24
2.481541837659083025e-23
3.308722450212110699e-23
3.659294584649614659e-07
1.654361225106055350e-24
3.308722450212110699e-24
0.000000000000000000e+00
-6.617444900424221399e-24
4.963083675318166049e-24
-4.619525032605741064e-24
-1.323488980084844280e-23
-4.800520185381177834e-08
-1.654361225106055350e-24
1.106157584581522182e-08
-2.481541837659083025e-23
8.271806125530276749e-25
-3.308722450212110699e-23
-9.926167350636332098e-24
2.729696021424991327e-23
1.488925102595449815e-23
-1.323488980084844280e-23
4.381383543589408249e-23
-1.985233470127266420e-23
-2.282862347201444326e-07
1.286330476005313740e-23
2.648440201301130276e-08
1.819797347616660885e-23
-9.926167350636332098e-24
3.308722450212110699e-24
4.963083675318166049e-24
-9.926167350636332098e-24
4.963083675318166049e-24
1.654361225106055350e-24
1.985233470127266420e-23
-3.639594695233321769e-23
4.671900199975714899e-23
3.970466940254532839e-23
6.518169857755095856e-23
0.000000000000000000e+00
3.283391636796301153e-08
4.632211430296954979e-23
2.212767126911784789e-08
-3.184645358329156548e-23
-9.495232836343313202e-09
1.323488980084844280e-23
3.639594695233321769e-23
4.632211430296954979e-23
-2.646977960169688560e-23
-3.308722450212110699e-24
-2.646977960169688560e-23
1.323488980084844280e-23
-6.617444900424221399e-24
-1.654361225106055350e-23
-6.617444900424221399e-24
